{
    "data": [
        {
            "image": "0.png",
            "matrix": [
                [
                    0.9944523088176671,
                    -0.05904469002191409,
                    0.08705340945810097,
                    0.530178544728926
                ],
                [
                    -0.060237310476773664,
                    -0.9981219596104087,
                    0.01113489765128076,
                    0.005264768611465017
                ],
                [
                    0.08623246305884155,
                    -0.01631698793135391,
                    -0.9961414146375079,
                    -0.036324315062028725
                ],
                [
                    0.0,
                    0.0,
                    0.0,
                    1.0
                ]
            ],
            "homogeneous_matrix": [
                [
                    0.9996410245006857,
                    0.026286817258435055,
                    -0.005179321735648371,
                    -0.012739388562864992
                ],
                [
                    -0.026747175251936546,
                    0.9679333588102269,
                    -0.2497791054479827,
                    0.04355183867786924
                ],
                [
                    -0.001552659415941562,
                    0.2498279730950358,
                    0.968288992557472,
                    0.8654372205745877
                ],
                [
                    0.0,
                    0.0,
                    0.0,
                    1.0
                ]
            ]
        },
        {
            "image": "1.png",
            "matrix": [
                [
                    0.9872681103826615,
                    -0.06276474839068319,
                    0.1461582398756895,
                    0.4104888360832438
                ],
                [
                    -0.06753987180390186,
                    -0.9973253772245708,
                    0.027936060186636948,
                    0.14504193193488568
                ],
                [
                    0.1440139219298601,
                    -0.03745189013628542,
                    -0.9888666975167528,
                    -0.056944212683352924
                ],
                [
                    0.0,
                    0.0,
                    0.0,
                    1.0
                ]
            ],
            "homogeneous_matrix": [
                [
                    0.9994808473814432,
                    0.03114784222676442,
                    -0.008236968027614207,
                    0.11814454026910395
                ],
                [
                    -0.03209016728365427,
                    0.9852159140822921,
                    -0.16828494823572362,
                    -0.05697292847528279
                ],
                [
                    0.002873478967807014,
                    0.1684619083460997,
                    0.9857039761282349,
                    0.9603924482980822
                ],
                [
                    0.0,
                    0.0,
                    0.0,
                    1.0
                ]
            ]
        },
        {
            "image": "2.png",
            "matrix": [
                [
                    0.9980722083026805,
                    -0.007429681130088683,
                    0.06161682200120163,
                    0.4150530199124297
                ],
                [
                    -0.008779288223351112,
                    -0.9997267975015411,
                    0.021661492172120413,
                    0.28082133341213067
                ],
                [
                    0.061439050151843005,
                    -0.022160685167114866,
                    -0.997864793949235,
                    -0.06073414220155503
                ],
                [
                    0.0,
                    0.0,
                    0.0,
                    1.0
                ]
            ],
            "homogeneous_matrix": [
                [
                    0.9974447144874824,
                    0.05972798411495983,
                    -0.03919961038770117,
                    0.25978732580814856
                ],
                [
                    -0.06844619290234172,
                    0.9561552534317334,
                    -0.2847494512937178,
                    -0.0416658105734623
                ],
                [
                    0.020473402701062914,
                    0.2867048992404228,
                    0.9578001568873222,
                    0.9563542878088569
                ],
                [
                    0.0,
                    0.0,
                    0.0,
                    1.0
                ]
            ]
        },
        {
            "image": "3.png",
            "matrix": [
                [
                    0.960032110483148,
                    0.27861914539676597,
                    0.026639903441984455,
                    0.22254322712029415
                ],
                [
                    0.2777106085970405,
                    -0.9600869324925185,
                    0.03331464751749219,
                    0.2922495217175087
                ],
                [
                    0.034858721798029846,
                    -0.024584947568380214,
                    -0.9990898106803947,
                    -0.052194381678284385
                ],
                [
                    0.0,
                    0.0,
                    0.0,
                    1.0
                ]
            ],
            "homogeneous_matrix": [
                [
                    0.9357371352352988,
                    0.22746152068877856,
                    -0.2695501258534007,
                    0.28524785273674175
                ],
                [
                    -0.303273332821202,
                    0.9090720186566064,
                    -0.28568050422652874,
                    -0.2053481546665812
                ],
                [
                    0.18005915511619,
                    0.34906922164744303,
                    0.9196354599281675,
                    1.059750187522496
                ],
                [
                    0.0,
                    0.0,
                    0.0,
                    1.0
                ]
            ]
        },
        {
            "image": "4.png",
            "matrix": [
                [
                    0.9735781914529826,
                    -0.20799252848638478,
                    0.09425804632255341,
                    0.44983181714923953
                ],
                [
                    -0.20940815288938486,
                    -0.9778140764874449,
                    0.005274760551165172,
                    0.33450068212579
                ],
                [
                    0.09106973373220129,
                    -0.02487379521311886,
                    -0.9955338254447126,
                    -0.05087153060846844
                ],
                [
                    0.0,
                    0.0,
                    0.0,
                    1.0
                ]
            ],
            "homogeneous_matrix": [
                [
                    0.9910324631819197,
                    -0.06696642895185954,
                    0.11562938343264022,
                    0.29769967571660344
                ],
                [
                    0.09646164868159202,
                    0.9573667549407265,
                    -0.2722940448630716,
                    -0.025154972539735494
                ],
                [
                    -0.09246516778336641,
                    0.2810060389523665,
                    0.9552412254604044,
                    0.9239296628176445
                ],
                [
                    0.0,
                    0.0,
                    0.0,
                    1.0
                ]
            ]
        },
        {
            "image": "5.png",
            "matrix": [
                [
                    0.8659792832292033,
                    0.45409207506175436,
                    0.2094760980574163,
                    0.44109140473826125
                ],
                [
                    0.4690385164594203,
                    -0.8828154591102916,
                    -0.025292311614116228,
                    -0.15431208707405356
                ],
                [
                    0.17344369941522786,
                    0.12015497614936056,
                    -0.9774866051848763,
                    -0.06454836184038698
                ],
                [
                    0.0,
                    0.0,
                    0.0,
                    1.0
                ]
            ],
            "homogeneous_matrix": [
                [
                    0.8457096257423313,
                    0.3110671719725786,
                    -0.43360401687224764,
                    -0.12821460416577393
                ],
                [
                    -0.368072019227928,
                    0.9283477249477261,
                    -0.051898846286378,
                    -0.03662840538507935
                ],
                [
                    0.38639127524860334,
                    0.20348885990482024,
                    0.899607729127754,
                    0.9499258405842347
                ],
                [
                    0.0,
                    0.0,
                    0.0,
                    1.0
                ]
            ]
        },
        {
            "image": "6.png",
            "matrix": [
                [
                    0.7190458003482526,
                    -0.6918087595055818,
                    0.06613428153427026,
                    0.3039567259712163
                ],
                [
                    -0.6949571568626405,
                    -0.7161557369506022,
                    0.06446298528480994,
                    0.20377549184057592
                ],
                [
                    0.002766387245963009,
                    -0.09231233111316363,
                    -0.9957262577305656,
                    -0.06639405707493634
                ],
                [
                    0.0,
                    0.0,
                    0.0,
                    1.0
                ]
            ],
            "homogeneous_matrix": [
                [
                    0.7635338322360896,
                    -0.32941706043502583,
                    0.5554282017733858,
                    0.11072721112255618
                ],
                [
                    0.4685114881257816,
                    0.874513917983307,
                    -0.12538896581298842,
                    -0.1444334268664097
                ],
                [
                    -0.4444244283621641,
                    0.355963210947187,
                    0.8220566403400268,
                    1.0461712027073318
                ],
                [
                    0.0,
                    0.0,
                    0.0,
                    1.0
                ]
            ]
        },
        {
            "image": "7.png",
            "matrix": [
                [
                    0.7961383483150102,
                    -0.5799366074076124,
                    0.17273456088327888,
                    0.669200806837689
                ],
                [
                    -0.5965911148179979,
                    -0.8000077443398601,
                    0.06377002922314315,
                    0.16888461618168304
                ],
                [
                    0.10120641201981406,
                    -0.15382166998266567,
                    -0.982901904998327,
                    0.2486975448079445
                ],
                [
                    0.0,
                    0.0,
                    0.0,
                    1.0
                ]
            ],
            "homogeneous_matrix": [
                [
                    0.8475157908388454,
                    -0.26271021933823413,
                    0.46119445457861097,
                    0.10762462137121036
                ],
                [
                    0.3369695958199871,
                    0.9376604452083992,
                    -0.08511392943873057,
                    -0.029322190695066593
                ],
                [
                    -0.41008349853623727,
                    0.22754390817344136,
                    0.8832073901872857,
                    0.5632687657288454
                ],
                [
                    0.0,
                    0.0,
                    0.0,
                    1.0
                ]
            ]
        },
        {
            "image": "8.png",
            "matrix": [
                [
                    0.9521934631613487,
                    -0.30547321808968725,
                    0.003699664127204849,
                    0.36133865722873026
                ],
                [
                    -0.3054936109656192,
                    -0.952161302615208,
                    0.007904001195227411,
                    -0.08097826501277969
                ],
                [
                    0.0011082163337072922,
                    -0.008656362024494806,
                    -0.9999619189001407,
                    0.09465694795176119
                ],
                [
                    0.0,
                    0.0,
                    0.0,
                    1.0
                ]
            ],
            "homogeneous_matrix": [
                [
                    0.9694608010541791,
                    -0.12319625858342621,
                    0.21205762681505996,
                    -0.12687028832345698
                ],
                [
                    0.18884770322541616,
                    0.9266672709044679,
                    -0.32499894464590273,
                    -0.15878943583719868
                ],
                [
                    -0.15646820829125246,
                    0.3551203329936361,
                    0.9216329252411799,
                    0.8415234053763252
                ],
                [
                    0.0,
                    0.0,
                    0.0,
                    1.0
                ]
            ]
        },
        {
            "image": "9.png",
            "matrix": [
                [
                    0.8891426657428024,
                    0.45206444343527374,
                    0.0711549357535901,
                    0.3899178311221127
                ],
                [
                    0.4512726246090608,
                    -0.8919543161675512,
                    0.027757556563145165,
                    0.1950534984672394
                ],
                [
                    0.07601515642088073,
                    0.007429846774350213,
                    -0.9970789804080449,
                    -0.07017912985675823
                ],
                [
                    0.0,
                    0.0,
                    0.0,
                    1.0
                ]
            ],
            "homogeneous_matrix": [
                [
                    0.8549148146705895,
                    0.32538267791550235,
                    -0.40403808306802946,
                    0.21222930790313035
                ],
                [
                    -0.424675221443424,
                    0.8862760621510443,
                    -0.18483965470108588,
                    -0.0668763450616765
                ],
                [
                    0.29794565938897366,
                    0.3296071215410466,
                    0.8958724962184603,
                    0.9869730090828329
                ],
                [
                    0.0,
                    0.0,
                    0.0,
                    1.0
                ]
            ]
        },
        {
            "image": "10.png",
            "matrix": [
                [
                    0.6905736488281718,
                    -0.7222732544607328,
                    0.037806709129850895,
                    0.31550630460281753
                ],
                [
                    -0.722835800245399,
                    -0.6910174703475047,
                    0.0017964770240390948,
                    0.2355328513903096
                ],
                [
                    0.02482754919835682,
                    -0.0285686425420474,
                    -0.9992834559898772,
                    -0.055423885165679296
                ],
                [
                    0.0,
                    0.0,
                    0.0,
                    1.0
                ]
            ],
            "homogeneous_matrix": [
                [
                    0.7400354880688302,
                    -0.40581485778315496,
                    0.536341101912921,
                    0.14720859604555744
                ],
                [
                    0.5348244203845364,
                    0.8386102051718556,
                    -0.10342032267384596,
                    -0.14265564607702372
                ],
                [
                    -0.4078116179795191,
                    0.36338302792515703,
                    0.837641008581165,
                    1.0273590907782826
                ],
                [
                    0.0,
                    0.0,
                    0.0,
                    1.0
                ]
            ]
        },
        {
            "image": "11.png",
            "matrix": [
                [
                    0.8623134748141528,
                    0.4372576304756681,
                    0.25538442346515655,
                    0.5938169263670124
                ],
                [
                    0.46844435742393886,
                    -0.8803534180662892,
                    -0.07441578634725377,
                    0.0347470397768201
                ],
                [
                    0.1922896797102554,
                    0.18380312745234628,
                    -0.9639715177294863,
                    0.17055847147274422
                ],
                [
                    0.0,
                    0.0,
                    0.0,
                    1.0
                ]
            ],
            "homogeneous_matrix": [
                [
                    0.8392013403023754,
                    0.26422530491231194,
                    -0.47531684030622445,
                    0.0777240437814833
                ],
                [
                    -0.313821818053071,
                    0.9491129459932511,
                    -0.02646662543424942,
                    -0.054978675818281454
                ],
                [
                    0.4441362144078799,
                    0.1713756225138436,
                    0.879416521939081,
                    0.673181208619279
                ],
                [
                    0.0,
                    0.0,
                    0.0,
                    1.0
                ]
            ]
        },
        {
            "image": "12.png",
            "matrix": [
                [
                    0.8116426196783562,
                    -0.583337035024448,
                    0.03088895101258754,
                    0.5364255498177888
                ],
                [
                    -0.5806396907468367,
                    -0.8114224119647568,
                    -0.06671720028995465,
                    -0.12787203185520704
                ],
                [
                    0.06398260093596939,
                    0.03621517225750134,
                    -0.9972936818664861,
                    -0.06025736969191185
                ],
                [
                    0.0,
                    0.0,
                    0.0,
                    1.0
                ]
            ],
            "homogeneous_matrix": [
                [
                    0.8573564840502738,
                    -0.3550756189013242,
                    0.37264079771113845,
                    -0.18542608845719985
                ],
                [
                    0.441953806898834,
                    0.8789299664685049,
                    -0.17932915716999612,
                    0.06258514811753862
                ],
                [
                    -0.26384975236785857,
                    0.3184390348332229,
                    0.9104833272882624,
                    0.8820723184354538
                ],
                [
                    0.0,
                    0.0,
                    0.0,
                    1.0
                ]
            ]
        },
        {
            "image": "13.png",
            "matrix": [
                [
                    0.7269124269921695,
                    -0.6810021338340736,
                    0.08851205136821966,
                    0.4190811883173048
                ],
                [
                    -0.6867248894528148,
                    -0.720339590453744,
                    0.09756929193275013,
                    0.2722830560212082
                ],
                [
                    -0.0026861611700784854,
                    -0.13170775948982527,
                    -0.9912849489598494,
                    -0.07138423554971599
                ],
                [
                    0.0,
                    0.0,
                    0.0,
                    1.0
                ]
            ],
            "homogeneous_matrix": [
                [
                    0.7761847395171235,
                    -0.30234627764266336,
                    0.5532847174252691,
                    0.1824058607463917
                ],
                [
                    0.4373233821002784,
                    0.890291614089161,
                    -0.1270003990186238,
                    -0.04831159145227193
                ],
                [
                    -0.4541866462249944,
                    0.3405401155196569,
                    0.823253861280195,
                    0.9898222342816233
                ],
                [
                    0.0,
                    0.0,
                    0.0,
                    1.0
                ]
            ]
        },
        {
            "image": "14.png",
            "matrix": [
                [
                    0.8264623053029228,
                    0.5609092655605334,
                    0.04838201704458575,
                    0.2586407167772655
                ],
                [
                    0.5561228994104097,
                    -0.8267418285547321,
                    0.08500138638931216,
                    0.37521839992265177
                ],
                [
                    0.08767750245186318,
                    -0.04334409415109641,
                    -0.9952054786518171,
                    -0.062383741890620445
                ],
                [
                    0.0,
                    0.0,
                    0.0,
                    1.0
                ]
            ],
            "homogeneous_matrix": [
                [
                    0.7834425559197636,
                    0.4260069837132636,
                    -0.4524774153495788,
                    0.3914052047522415
                ],
                [
                    -0.5355862251409282,
                    0.8321315576185107,
                    -0.143890466170215,
                    -0.18840929628361175
                ],
                [
                    0.3152223929437742,
                    0.35507058543748415,
                    0.8800907466528001,
                    1.0634924257220821
                ],
                [
                    0.0,
                    0.0,
                    0.0,
                    1.0
                ]
            ]
        },
        {
            "image": "15.png",
            "matrix": [
                [
                    0.4929760695931139,
                    -0.8676265991146149,
                    -0.06479695388291246,
                    0.5748853007324782
                ],
                [
                    -0.8677629002819492,
                    -0.49570684821768574,
                    0.035527951517230275,
                    0.23759834895690427
                ],
                [
                    -0.0629452895318087,
                    0.038713962731212886,
                    -0.9972658218491623,
                    0.0373738339870089
                ],
                [
                    0.0,
                    0.0,
                    0.0,
                    1.0
                ]
            ],
            "homogeneous_matrix": [
                [
                    0.5655726829849753,
                    -0.47566293845664764,
                    0.6737004595812324,
                    0.1473173254129599
                ],
                [
                    0.7005226522288679,
                    0.7081726488016022,
                    -0.0880880991028607,
                    0.021035455275142258
                ],
                [
                    -0.43519599489817073,
                    0.5217626553023034,
                    0.7337357682139265,
                    0.8091835401359295
                ],
                [
                    0.0,
                    0.0,
                    0.0,
                    1.0
                ]
            ]
        },
        {
            "image": "16.png",
            "matrix": [
                [
                    0.7817492421197977,
                    0.6183476788885255,
                    0.08071081992351571,
                    0.34057863700958935
                ],
                [
                    0.623551996641563,
                    -0.7736407454916228,
                    -0.11252942106123236,
                    -0.17205940312302184
                ],
                [
                    -0.007141127425013827,
                    0.13829718254468382,
                    -0.9903650301494383,
                    0.02605194313876054
                ],
                [
                    0.0,
                    0.0,
                    0.0,
                    1.0
                ]
            ],
            "homogeneous_matrix": [
                [
                    0.7218377731335218,
                    0.3223356996367888,
                    -0.6124131987615059,
                    -0.1255709695516703
                ],
                [
                    -0.48497086810570766,
                    0.8668898769499531,
                    -0.11534816136588835,
                    -0.15810738101605612
                ],
                [
                    0.4937139722211983,
                    0.3802652205781597,
                    0.7820772824038613,
                    0.9329127667556733
                ],
                [
                    0.0,
                    0.0,
                    0.0,
                    1.0
                ]
            ]
        },
        {
            "image": "17.png",
            "matrix": [
                [
                    0.9712960073985006,
                    -0.22025478576639784,
                    0.08984353847927029,
                    0.475594999979262
                ],
                [
                    -0.2196965015921784,
                    -0.9754340645089814,
                    -0.016180196663381274,
                    -0.3291767076028799
                ],
                [
                    0.0912002136584548,
                    -0.004022550676493222,
                    -0.9958244523154963,
                    0.06256231758612327
                ],
                [
                    0.0,
                    0.0,
                    0.0,
                    1.0
                ]
            ],
            "homogeneous_matrix": [
                [
                    0.9896848969419454,
                    -0.08093543365504952,
                    0.11820854598581224,
                    -0.3620670668584076
                ],
                [
                    0.10677193384311845,
                    0.9668508095006298,
                    -0.2319466885113416,
                    -0.04875651895552975
                ],
                [
                    -0.09551732255675693,
                    0.24217548956706098,
                    0.9655192765266485,
                    0.7924039935146618
                ],
                [
                    0.0,
                    0.0,
                    0.0,
                    1.0
                ]
            ]
        },
        {
            "image": "18.png",
            "matrix": [
                [
                    0.7418511384030337,
                    0.6634302548968283,
                    0.09755588877596849,
                    0.2724671550480719
                ],
                [
                    0.666464916383913,
                    -0.7455337761336868,
                    0.001967141281317669,
                    0.13143471109822571
                ],
                [
                    0.07403627118490826,
                    0.06355825125688898,
                    -0.9952281039642672,
                    -0.07170469462717814
                ],
                [
                    0.0,
                    0.0,
                    0.0,
                    1.0
                ]
            ],
            "homogeneous_matrix": [
                [
                    0.6927494914164323,
                    0.42248418625951845,
                    -0.5844700629655096,
                    0.16357484788497487
                ],
                [
                    -0.5600552649310214,
                    0.8257480656470704,
                    -0.06691959580844184,
                    -0.17577968416843598
                ],
                [
                    0.45435255294244553,
                    0.37369405192049054,
                    0.8086510453798523,
                    1.06261102171518
                ],
                [
                    0.0,
                    0.0,
                    0.0,
                    1.0
                ]
            ]
        },
        {
            "image": "19.png",
            "matrix": [
                [
                    0.8751386827813887,
                    0.47060840569189377,
                    0.11251657920760125,
                    0.3723273816693144
                ],
                [
                    0.4628490993656348,
                    -0.8819669072856634,
                    0.08891035772855396,
                    0.2675223396121271
                ],
                [
                    0.14107786108222128,
                    -0.02573069599824839,
                    -0.9896640681018989,
                    -0.05532647935713274
                ],
                [
                    0.0,
                    0.0,
                    0.0,
                    1.0
                ]
            ],
            "homogeneous_matrix": [
                [
                    0.8460505065694855,
                    0.38905626777486524,
                    -0.36446366189046775,
                    0.2800266549275644
                ],
                [
                    -0.45890688869074786,
                    0.8794306234187547,
                    -0.12651579389735645,
                    -0.09943752176552642
                ],
                [
                    0.27129874280153665,
                    0.27429363663489037,
                    0.9225833258063536,
                    0.9869269493348323
                ],
                [
                    0.0,
                    0.0,
                    0.0,
                    1.0
                ]
            ]
        },
        {
            "image": "20.png",
            "matrix": [
                [
                    0.8262271403496788,
                    -0.5596231431103407,
                    0.06458030782759824,
                    0.5250952661292656
                ],
                [
                    -0.5467726299871856,
                    -0.8242409559419464,
                    -0.14719546242283946,
                    -0.18095697840893465
                ],
                [
                    0.13560372199149417,
                    0.08630614123379336,
                    -0.9869968995306009,
                    -0.028099436193189456
                ],
                [
                    0.0,
                    0.0,
                    0.0,
                    1.0
                ]
            ],
            "homogeneous_matrix": [
                [
                    0.8704841193160666,
                    -0.3980361223468974,
                    0.28952485787161175,
                    -0.2268343984377983
                ],
                [
                    0.4512000957799237,
                    0.8803535289509763,
                    -0.1462741864846651,
                    0.03069979789268404
                ],
                [
                    -0.1966618203585002,
                    0.2579630000031179,
                    0.9459277028624716,
                    0.8558461058805285
                ],
                [
                    0.0,
                    0.0,
                    0.0,
                    1.0
                ]
            ]
        },
        {
            "image": "21.png",
            "matrix": [
                [
                    0.7802329303499759,
                    0.6140885341207015,
                    0.118877301929961,
                    0.27306312597605464
                ],
                [
                    0.6199876206266977,
                    -0.7844261503653986,
                    -0.017056690006669095,
                    -0.2745555543405981
                ],
                [
                    0.08277614655559787,
                    0.08701064679605258,
                    -0.9927624370471866,
                    -0.055910383028881544
                ],
                [
                    0.0,
                    0.0,
                    0.0,
                    1.0
                ]
            ],
            "homogeneous_matrix": [
                [
                    0.7289843532004201,
                    0.41545021812620714,
                    -0.5440431316061731,
                    -0.24155593538439568
                ],
                [
                    -0.5102696045828177,
                    0.8595803043999866,
                    -0.02732454805703688,
                    -0.1707113333523837
                ],
                [
                    0.45629677122226026,
                    0.2975278416325327,
                    0.8386122107539496,
                    1.024975691353241
                ],
                [
                    0.0,
                    0.0,
                    0.0,
                    1.0
                ]
            ]
        }
    ],
    "intrinsics": {
        "width": 1280,
        "height": 720,
        "ppx": 660.9794921875,
        "ppy": 373.99908447265625,
        "fx": 906.7088623046875,
        "fy": 906.3807373046875
    }
}